(55, 3, 50, 1, 17, 26, 16, 2, 8, 25, 40, 53, 19, 23, 2, 8)
(55, 59, 43, 11, 25, 40, 53, 19)
(55, 59, 43, 11, 39, 26, 16, 53, 19)
(55, 3, 50, 1, 17, 26, 16, 2, 8, 25, 40, 53, 19)
(55, 3, 50, 1, 17, 26, 16, 2, 8, 14, 34, 47, 8, 25, 40, 53, 19, 23, 2, 8)
(55, 59, 43, 11, 15, 40, 53, 19)
(55, 59, 12, 25, 40, 53, 19)
(55, 59, 12, 3, 50, 1, 17, 26, 16, 2, 8, 25, 40, 53, 19)
(55, 59, 12, 15, 40, 53, 19)
(55, 59, 43, 11, 39, 0, 23, 53, 19)
(55, 3, 50, 1, 17, 26, 16, 53, 19)
(55, 59, 43, 11, 13, 2, 8)
(55, 59, 12, 3, 50, 1, 17, 26, 16, 2, 8, 25, 40, 53, 19, 23, 2, 8)
(55, 3, 50, 1, 45, 23, 53, 19)
(55, 3, 50, 1, 17, 26, 16, 53, 19, 23, 53, 19)
(55, 59, 43, 11, 53, 19)
(55, 59, 12, 3, 50, 1, 17, 26, 16, 2, 8, 14, 34, 47, 8, 25, 40, 53, 19, 23, 2, 8)
(55, 3, 50, 1, 8, 14, 34, 47, 8, 25, 40, 53, 19, 23, 2, 8)
(55, 59, 30, 43, 11, 15, 40, 53, 19)
(55, 59, 12, 39, 26, 16, 53, 19)
(55, 3, 50, 1, 8, 25, 40, 53, 19, 23, 2, 8)
(55, 59, 12, 3, 50, 1, 45, 23, 53, 19)
(55, 3, 50, 1, 17, 26, 16, 2, 8, 14, 34, 47, 8, 25, 40, 53, 19)
(55, 59, 43, 11, 47, 8)
(55, 59, 12, 3, 4, 2, 8)
(55, 59, 30, 43, 11, 25, 40, 53, 19)
(55, 59, 12, 3, 50, 1, 8, 25, 40, 53, 19, 23, 2, 8)
(55, 59, 12, 3, 50, 1, 17, 26, 16, 53, 19)
(55, 59, 12, 3, 50, 1, 15, 40, 53, 19)
(55, 59, 43, 11, 39, 26, 16, 15, 40, 53, 19)
(55, 59, 5, 32, 43, 11, 53, 19)
(55, 59, 43, 11, 2, 8)
(55, 3, 50, 1, 15, 40, 53, 19)
(55, 3, 50, 1, 13, 2, 8)
(55, 59, 30, 43, 11, 53, 19)
(55, 59, 5, 32, 43, 11, 25, 40, 53, 19)
(55, 59, 12, 3, 50, 1, 17, 26, 16, 53, 19, 23, 53, 19)
(55, 3, 50, 1, 28, 7, 53, 19)
(55, 59, 43, 11, 15, 40, 39, 26, 16, 2, 8)
(55, 59, 43, 11, 28, 7, 53, 19)
(55, 59, 43, 11, 14, 34, 15, 40, 53, 19)
(55, 59, 43, 11, 45, 23, 53, 19)
(55, 59, 5, 32, 43, 11, 15, 40, 53, 19)
(55, 3, 50, 1, 15, 40, 53, 19, 23, 2, 8)
(55, 59, 12, 14, 35, 53, 19)
(55, 3, 50, 1, 17, 0, 23, 53, 19)
(55, 59, 12, 25, 40, 2, 8)
(55, 59, 12, 15, 40, 2, 8)
(55, 59, 12, 13, 2, 8)
(55, 59, 22, 50, 1, 2, 8)
(55, 59, 12, 3, 50, 1, 2, 8)
(55, 59, 12, 3, 50, 1, 8, 14, 34, 47, 8, 25, 40, 53, 19, 23, 2, 8)
(55, 59, 12, 3, 50, 1, 2, 8, 25, 40, 53, 19)
(55, 59, 5, 32, 11, 25, 40, 53, 19)
(55, 59, 12, 15, 40, 39, 26, 16, 2, 8)
(55, 59, 12, 3, 50, 1, 15, 40, 53, 19, 23, 2, 8)
(55, 59, 30, 12, 25, 40, 53, 19)
(55, 59, 12, 15, 40, 3, 50, 1, 2, 8)
(55, 59, 12, 2, 8)
(55, 59, 12, 47, 8)
(55, 59, 43, 11, 15, 40, 17, 26, 16, 2, 8)
(55, 59, 43, 11, 15, 40, 2, 8)
(55, 59, 43, 11, 39, 26, 16, 2, 8, 25, 40, 53, 19)
(55, 59, 43, 11, 39, 26, 16, 33)
(55, 59, 12, 25, 40, 3, 50, 1, 2, 8)
(55, 59, 12, 15, 40, 17, 0, 23, 2, 8)
(55, 59, 5, 32, 11, 47, 8)
(55, 59, 43, 11, 13, 15, 40, 53, 19)
(55, 59, 30, 43, 11, 39, 26, 16, 53, 19)
(55, 59, 43, 11, 25, 40, 2, 8)
(55, 59, 22, 4, 54, 16, 2, 8, 25, 40, 53, 19)
(55, 59, 43, 11, 45, 23, 15, 40, 53, 19)
(55, 59, 43, 11, 15, 40, 13, 2, 8)
(55, 59, 30, 12, 3, 4, 2, 8)
(49, 59, 43, 11, 46, 57, 2, 8)
(55, 59, 43, 11, 15, 40, 17, 0, 23, 2, 8)
(55, 59, 12, 39, 0, 23, 53, 19)
(55, 59, 43, 11, 39, 37, 2, 8)
(55, 59, 43, 11, 14, 35, 15, 40, 53, 19)
(55, 59, 43, 11, 39, 26, 16, 14, 34, 15, 40, 53, 19)
(55, 3, 50, 1, 53, 19)
(55, 59, 12, 13, 53, 19)
(55, 59, 12, 15, 40, 45, 23, 2, 8)
(55, 59, 30, 12, 15, 40, 53, 19)
(55, 59, 43, 11, 13, 53, 19)
(55, 59, 43, 11, 15, 40, 53, 19, 26, 16, 2, 8)
(55, 59, 12, 39, 37, 2, 8)
(9, 43, 11, 46, 57, 2, 8)
(55, 39, 26, 16, 17, 26, 16, 53, 19)
(55, 59, 12, 39, 26, 16, 15, 40, 53, 19)
(55, 59, 12, 3, 50, 1, 47, 19)
(55, 59, 43, 11, 39, 26, 16, 2, 8, 7, 53, 19)
(55, 59, 43, 11, 25, 40, 17, 26, 16, 2, 8)
(55, 59, 43, 11, 25, 40, 39, 26, 16, 2, 8)
(55, 59, 30, 43, 11, 47, 8)
(55, 59, 22, 50, 1, 2, 8, 25, 40, 53, 19)
(55, 59, 12, 53, 19)
(31, 29, 24, 43, 52, 57, 47, 8)
(55, 59, 12, 14, 35, 15, 40, 53, 19)
(55, 59, 30, 43, 11, 2, 8)
